1000 1398
1025 1393
1050 1387
1075 1382
1100 1377
1125 1371
1150 1366
1175 1360
1200 1355
1225 1349
1250 1343
1275 1338
1300 1332
1325 1326
1350 1321
1375 1315
1400 1309
1425 1303
1450 1297
1475 1291
1500 1285
1525 1278
1550 1272
1575 1266
1600 1260
1625 1253
1650 1246
1675 1240
1700 1233
1725 1226
1750 1219
1775 1212
1800 1205
1825 1198
1850 1191
1875 1183
1900 1175
1925 1168
1950 1160
1975 1151
2000 1143
2025 1134
2050 1126
2075 1117
2100 1107
2125 1098
2150 1088
2175 1077
2200 1066
2225 1055
2250 1043
2275 1031
2300 1017
2325 1003
2350 987
2375 970
2400 951
2425 928
2450 899
2475 849
