1500 1398
1525 1394
1550 1391
1575 1387
1600 1383
1625 1380
1650 1376
1675 1373
1700 1369
1725 1366
1750 1362
1775 1358
1800 1355
1825 1351
1850 1347
1875 1344
1900 1340
1925 1336
1950 1333
1975 1329
2000 1325
2025 1321
2050 1318
2075 1314
2100 1310
2125 1306
2150 1302
2175 1299
2200 1295
2225 1291
2250 1287
2275 1283
2300 1279
2325 1275
2350 1271
2375 1267
2400 1263
2425 1259
2450 1255
2475 1251
2500 1247
2525 1242
2550 1238
2575 1234
2600 1230
2625 1226
2650 1221
2675 1217
2700 1213
2725 1208
2750 1204
2775 1199
2800 1195
2825 1190
2850 1186
2875 1181
2900 1176
2925 1172
2950 1167
2975 1162
3000 1157
3025 1152
3050 1147
3075 1142
3100 1137
3125 1132
3150 1127
3175 1121
3200 1116
3225 1111
3250 1105
3275 1100
3300 1094
3325 1088
3350 1082
3375 1076
3400 1070
3425 1064
3450 1058
3475 1052
3500 1045
3525 1038
3550 1031
3575 1024
3600 1017
3625 1010
3650 1002
3675 994
3700 986
3725 977
3750 968
3775 959
3800 949
3825 939
3850 928
3875 916
3900 903
3925 889
3950 873
3975 853
4000 826
