1800 1393
1825 1390
1850 1387
1875 1384
1900 1381
1925 1378
1950 1375
1975 1371
2000 1368
2025 1365
2050 1362
2075 1359
2100 1356
2125 1353
2150 1350
2175 1347
2200 1344
2225 1341
2250 1338
2275 1334
2300 1331
2325 1328
2350 1325
2375 1322
2400 1318
2425 1315
2450 1312
2475 1309
2500 1306
2525 1302
2550 1299
2575 1296
2600 1292
2625 1289
2650 1286
2675 1282
2700 1279
2725 1276
2750 1272
2775 1269
2800 1265
2825 1262
2850 1258
2875 1255
2900 1251
2925 1248
2950 1244
2975 1241
3000 1237
3025 1233
3050 1230
3075 1226
3100 1222
3125 1218
3150 1215
3175 1211
3200 1207
3225 1203
3250 1199
3275 1195
3300 1191
3325 1187
3350 1183
3375 1179
3400 1175
3425 1171
3450 1167
3475 1163
3500 1158
3525 1154
3550 1150
3575 1145
3600 1141
3625 1136
3650 1132
3675 1127
3700 1122
3725 1117
3750 1113
3775 1108
3800 1103
3825 1098
3850 1092
3875 1087
3900 1082
3925 1076
3950 1071
3975 1065
4000 1059
4025 1053
4050 1047
4075 1041
4100 1034
4125 1028
4150 1021
4175 1014
4200 1006
4225 999
4250 991
4275 982
4300 974
4325 964
4350 954
4375 943
4400 932
4425 919
4450 904
4475 885
4500 860
