2300 1396
2325 1393
2350 1391
2375 1389
2400 1386
2425 1384
2450 1381
2475 1379
2500 1376
2525 1374
2550 1372
2575 1369
2600 1367
2625 1364
2650 1362
2675 1359
2700 1357
2725 1354
2750 1352
2775 1349
2800 1347
2825 1344
2850 1341
2875 1339
2900 1336
2925 1334
2950 1331
2975 1328
3000 1326
3025 1323
3050 1321
3075 1318
3100 1315
3125 1313
3150 1310
3175 1307
3200 1305
3225 1302
3250 1299
3275 1296
3300 1294
3325 1291
3350 1288
3375 1285
3400 1283
3425 1280
3450 1277
3475 1274
3500 1271
3525 1268
3550 1266
3575 1263
3600 1260
3625 1257
3650 1254
3675 1251
3700 1248
3725 1245
3750 1242
3775 1239
3800 1236
3825 1233
3850 1230
3875 1227
3900 1224
3925 1221
3950 1217
3975 1214
4000 1211
4025 1208
4050 1205
4075 1201
4100 1198
4125 1195
4150 1191
4175 1188
4200 1185
4225 1181
4250 1178
4275 1175
4300 1171
4325 1168
4350 1164
4375 1160
4400 1157
4425 1153
4450 1150
4475 1146
4500 1142
4525 1138
4550 1135
4575 1131
4600 1127
4625 1123
4650 1119
4675 1115
4700 1111
4725 1107
4750 1103
4775 1099
4800 1095
4825 1090
4850 1086
4875 1081
4900 1077
4925 1073
4950 1068
4975 1063
5000 1059
5025 1054
5050 1049
5075 1044
5100 1039
5125 1034
5150 1028
5175 1023
5200 1018
5225 1012
5250 1006
5275 1000
5300 994
5325 988
5350 982
5375 975
5400 968
5425 961
5450 954
5475 947
5500 939
5525 930
5550 922
5575 913
5600 903
5625 892
5650 880
5675 867
5700 852
5725 834
5750 808