2500 1393
2525 1391
2550 1388
2575 1386
2600 1384
2625 1382
2650 1380
2675 1377
2700 1375
2725 1373
2750 1371
2775 1368
2800 1366
2825 1364
2850 1362
2875 1359
2900 1357
2925 1355
2950 1353
2975 1350
3000 1348
3025 1346
3050 1343
3075 1341
3100 1339
3125 1336
3150 1334
3175 1332
3200 1329
3225 1327
3250 1325
3275 1322
3300 1320
3325 1318
3350 1315
3375 1313
3400 1310
3425 1308
3450 1305
3475 1303
3500 1301
3525 1298
3550 1296
3575 1293
3600 1291
3625 1288
3650 1286
3675 1283
3700 1281
3725 1278
3750 1276
3775 1273
3800 1271
3825 1268
3850 1265
3875 1263
3900 1260
3925 1258
3950 1255
3975 1252
4000 1250
4025 1247
4050 1244
4075 1242
4100 1239
4125 1236
4150 1234
4175 1231
4200 1228
4225 1225
4250 1222
4275 1220
4300 1217
4325 1214
4350 1211
4375 1208
4400 1205
4425 1203
4450 1200
4475 1197
4500 1194
4525 1191
4550 1188
4575 1185
4600 1182
4625 1179
4650 1176
4675 1172
4700 1169
4725 1166
4750 1163
4775 1160
4800 1157
4825 1153
4850 1150
4875 1147
4900 1143
4925 1140
4950 1137
4975 1133
5000 1130
5025 1126
5050 1123
5075 1119
5100 1116
5125 1112
5150 1108
5175 1105
5200 1101
5225 1097
5250 1093
5275 1090
5300 1086
5325 1082
5350 1078
5375 1074
5400 1070
5425 1065
5450 1061
5475 1057
5500 1053
5525 1048
5550 1044
5575 1039
5600 1034
5625 1030
5650 1025
5675 1020
5700 1015
5725 1010
5750 1005
5775 999
5800 994
5825 988
5850 982
5875 976
5900 970
5925 964
5950 957
5975 951
6000 944
6025 936
6050 929
6075 921
6100 912
6125 903
6150 893
6175 883
6200 871
6225 858
6250 843
6275 824
6300 7922
