2100 1391
2125 1388
2150 1386
2175 1383
2200 1380
2225 1377
2250 1375
2275 1372
2300 1369
2325 1366
2350 1364
2375 1361
2400 1358
2425 1355
2450 1352
2475 1350
2500 1347
2525 1344
2550 1341
2575 1338
2600 1335
2625 1332
2650 1330
2675 1327
2700 1324
2725 1321
2750 1318
2775 1315
2800 1312
2825 1309
2850 1306
2875 1303
2900 1300
2925 1297
2950 1294
2975 1291
3000 1288
3025 1285
3050 1282
3075 1278
3100 1275
3125 1272
3150 1269
3175 1266
3200 1263
3225 1259
3250 1256
3275 1253
3300 1250
3325 1246
3350 1243
3375 1240
3400 1236
3425 1233
3450 1230
3475 1226
3500 1223
3525 1219
3550 1216
3575 1212
3600 1209
3625 1205
3650 1202
3675 1198
3700 1194
3725 1191
3750 1187
3775 1183
3800 1180
3825 1176
3850 1172
3875 1168
3900 1164
3925 1160
3950 1157
3975 1153
4000 1149
4025 1144
4050 1140
4075 1136
4100 1132
4125 1128
4150 1124
4175 1119
4200 1115
4225 1110
4250 1106
4275 1102
4300 1097
4325 1092
4350 1088
4375 1083
4400 1078
4425 1073
4450 1068
4475 1063
4500 1058
4525 1053
4550 1047
4575 1042
4600 1036
4625 1031
4650 1025
4675 1019
4700 1013
4725 1007
4750 1001
4775 994
4800 988
4825 981
4850 974
4875 966
4900 959
4925 951
4950 943
4975 934
5000 925
5025 915
5050 905
5075 894
5100 882
5125 869
5150 853
5175 834
5200 809
