1300 1391
1325 1386
1350 1382
1375 1378
1400 1373
1425 1369
1450 1365
1475 1360
1500 1356
1525 1352
1550 1347
1575 1343
1600 1338
1625 1334
1650 1329
1675 1325
1700 1320
1725 1315
1750 1311
1775 1306
1800 1301
1825 1297
1850 1292
1875 1287
1900 1282
1925 1278
1950 1273
1975 1268
2000 1263
2025 1258
2050 1253
2075 1248
2100 1243
2125 1237
2150 1232
2175 1227
2200 1222
2225 1216
2250 1211
2275 1205
2300 1200
2325 1194
2350 1189
2375 1183
2400 1177
2425 1171
2450 1165
2475 1159
2500 1153
2525 1147
2550 1141
2575 1135
2600 1128
2625 1122
2650 1115
2675 1108
2700 1101
2725 1094
2750 1087
2775 1080
2800 1072
2825 1064
2850 1056
2875 1048
2900 1040
2925 1031
2950 1022
2975 1013
3000 1004
3025 994
3050 983
3075 972
3100 960
3125 948
3150 934
3175 920
3200 903
3225 884
3250 861
3275 828